x bio y src known treatment
8.43499087111921 -0.467793601861937 14.2265073514136 0 1 A
8.55452635926445 0.0877530112069068 14.8248575583916 0 1 A
8.9267059552098 1.0990828152471 15.7251698224308 0 1 A
12.7951359270029 4.36869592698383 20.041122127388 0 1 A
8.85047259822507 0.699485918299396 14.7854650633275 0 1 A
9.94933613739304 0.630192836707451 14.9354902790058 0 1 A
9.1172048048185 0.98436038793175 15.4677772318677 0 1 A
9.58384247628852 2.02717694739207 18.8364879167112 0 1 A
8.23358731041408 0.120770197922637 14.2052739858429 0 1 A
10.6601930553548 2.24245827308037 17.9251832693919 0 1 A
11.4877624468042 1.38340762508114 16.474163814467 0 1 A
8.38720703188674 1.212402301211 16.6146298704593 0 1 A
8.9833310949659 3.17704459639445 18.2244642138925 0 1 A
8.8773630986388 0.174488570275154 14.6299430130214 0 1 A
9.49833075994041 0.811226377031442 16.3200415459037 0 1 A
8.29829735188916 0.0117256316013062 13.0695112907288 0 1 A
6.48040253385425 0.00675341243335814 13.7060503872793 0 1 A
10.3605649564766 2.27990635589408 17.4510782571955 0 1 A
10.2531420215168 0.376692216382521 15.7960073942835 0 1 A
8.36803746043168 1.00379426860575 15.1470381366676 0 1 A
7.12279910581002 -1.20301198243216 11.9871387998914 0 1 A
9.92814310106004 0.562495662897718 15.2148361379859 0 1 A
7.79240320144492 0.693491135732407 15.8551221992434 0 1 A
8.37685930237499 0.732696111599578 15.055630974271 0 1 A
7.3512460622984 0.986671784777682 15.5025104306563 0 1 A
8.78426580590847 0.597935953557739 15.5569259881967 0 1 A
7.90804965973279 -0.467271252526809 13.895315663695 0 1 A
9.54841542410584 0.568426870952851 15.7205729757279 0 1 A
9.88359084695588 1.84242804195066 16.7023890575296 0 1 A
10.4533448622258 1.36259327823066 16.4059590182374 0 1 A
9.89525058373749 2.77009835610643 17.9775229821308 0 1 A
8.29194669535942 0.31996547810053 13.960829979314 0 1 A
11.7150354690307 2.03333664587921 17.3206724690276 0 1 A
8.83603629333361 -0.11288487328449 14.7158992551098 0 1 A
11.5183929415287 -0.538680391949835 15.0253552981278 0 1 A
9.24588639856155 2.71841699412204 18.5737425474083 0 1 A
8.61959455943102 0.799337535346724 14.7502330906454 0 1 A
9.76856956163788 1.30396810685075 16.2190301838858 0 1 A
9.33892448084998 -0.773487677806529 14.6459571656358 0 1 A
10.5790162804109 2.65135801104215 18.1590455309777 0 1 A
10.2072993917961 2.59300183953542 18.326314024411 0 1 A
10.2993527112844 2.05246636468101 17.3503417606496 0 1 A
9.18879049501069 2.10981951985468 17.945414635771 0 1 A
8.09906278611977 -0.447413974109271 13.588053269397 0 1 A
8.66232905909617 -0.100299203501921 15.3605862135648 0 1 A
8.18232835337997 0.737480662094461 15.8063273797491 0 1 A
11.5130815015504 1.90941582908055 16.9635313117234 0 1 A
7.77319052459188 1.19963491239501 16.3753948510393 0 1 A
9.7041784247792 0.544133256790483 15.6467712965014 0 1 A
9.0432270696704 -0.613749728045339 13.3717541775141 0 1 A
9.56500990091192 3.2891392114349 17.063830211757 0 0 A
12.3113796654387 2.55121486071014 17.1012178465332 0 0 A
10.658353760047 2.84975147105149 17.4244500997862 0 0 A
12.0602077879147 3.68192481583221 18.3882335409291 0 0 A
12.5714327451654 4.55273281493985 19.0487376309501 0 0 A
11.69721367247 3.03135223726979 17.5144303039911 1 0 A
11.7689965068823 1.32643792595327 15.564668838553 1 0 A
9.94373076575932 3.23391200721249 17.5407886495202 0 0 A
12.4710236172176 4.65857649664184 19.2907388844095 0 0 A
10.49638094305 2.20053751754116 17.1748068435033 1 0 A
10.5566484644467 1.79507977113721 16.1775198233825 1 0 A
9.21840895190294 1.2126291414328 15.167825793206 0 0 A
9.85719149000352 2.38144072678836 16.4212793689306 0 0 A
8.45393008983275 2.55533891629894 16.7916196230892 1 0 A
9.40989746667321 1.16375760403053 14.7835385253357 0 0 A
9.99459437708446 2.52543175416088 16.7800545389456 0 0 A
9.55695049114339 1.74192891970996 16.0774974212682 0 0 A
10.6851891633354 3.13833683154783 17.9727420794182 1 0 A
11.895188348681 3.94319404042905 18.4760001100585 1 0 A
14.8894218414333 4.85986134347154 19.4817642179749 1 0 A
10.1554494748607 1.43803262470963 14.9759250857162 0 0 A
9.32294656416603 0.514158315004207 13.8550884857172 0 0 A
9.47775975881193 1.86163215375574 16.2346758337194 0 0 A
8.61867116897105 0.99850694220287 14.301032838511 1 0 A
9.51436375235591 1.29386449718397 16.8108383529355 1 0 A
7.35208668752707 -0.703609005482416 12.2565470632928 1 0 A
11.3026275443316 3.82238140186173 19.0477232578672 0 0 A
10.9555871951044 1.68111170944914 16.9066399053651 1 0 A
9.8811976220486 2.39285364298496 16.7994879080747 0 0 A
11.6979368977602 0.642633984252092 14.8837206202309 0 0 A
10.7653746013759 0.241720901611571 13.9855045747095 0 0 A
10.4571567462312 1.46624845356631 15.3835226499749 1 0 A
10.4614033868432 1.84083379168994 15.8940849814385 1 0 A
11.3822858831407 2.84850867734563 18.6218959619148 1 0 A
9.14202332915669 1.6917206645312 16.3634161018477 1 0 A
9.85492152698467 1.19179457475769 15.0206280815726 0 0 A
10.1822127146508 2.40684958680414 17.8013443858037 1 0 A
9.29068410413488 0.83898416117176 14.3986192488578 1 0 A
9.85229681140719 -0.0941488160811848 12.9923990274005 1 0 A
11.9716777437237 4.02212459858862 19.3248729740982 0 0 A
9.91488429382191 0.274554398149322 13.5952526914629 1 0 A
7.72423545703405 -0.594950881405601 14.5132905790368 1 0 A
10.5485498106919 2.61994103268824 18.2497692055701 0 0 A
10.5794929978423 2.28282228972642 16.2061081713921 1 0 A
9.75587001639828 1.99912980493667 15.6287088020877 0 0 A
10.011552642462 1.18782879948043 14.7329373878776 1 0 A
7.19878749474421 -0.958465162091941 11.8886173466448 1 0 A
10.9837183027928 2.15518935757354 16.9649210041059 1 0 A
8.4784284065603 1.25241288433396 15.1267505969408 1 0 A
10.8719505613728 2.85964174422609 17.4845320323427 0 0 A
8.79404494557166 1.58007356706478 14.9253816063592 0 0 A
9.50721605420056 0.704614096033798 14.7793010102412 0 0 A
9.64171862877256 2.5487248521898 17.0592544898712 0 0 A
11.7427093961825 2.54547408111048 16.9915749921089 0 0 A
12.159571257993 3.09641370197565 18.1812837301438 1 0 A
7.06013828181796 -0.018605267942741 14.7460493831678 1 0 A
10.2130816466999 2.59472381296049 17.1626765782909 0 0 A
9.52411219736496 0.580759684967349 15.8194829635447 1 0 A
9.34395629316082 3.11101584272141 16.8988851854168 1 0 A
6.08571153674834 -3.06529134666451 10.7974629747964 1 0 A
11.5745939174302 2.67102521179377 16.416023347297 0 0 A
10.750733602309 2.73491652162157 17.4497659645531 0 0 A
10.7823722866937 1.61576958406439 17.1397626350366 1 0 A
9.98773208636397 2.43141654013835 16.4492684777452 1 0 A
10.2988665608916 1.80528086984352 15.7690497832941 1 0 A
9.47195678811503 2.83407711263472 16.692610938575 0 0 A
10.7427139644954 1.71727991220955 16.0608157400423 0 0 A
8.66026434904214 0.674609936921701 15.9351077674569 1 0 A
11.1738484932081 0.102368499434529 14.6327889667468 0 0 A
11.5010961493964 3.05420140724736 17.4899069645333 0 0 A
8.64164430258101 0.157146382474368 14.4015279244136 1 0 A
11.6925655014859 4.06446307066859 18.0675054304572 1 0 A
11.7743158893173 3.6094158068633 18.3733503693643 1 0 A
10.8066595998284 1.97277539093807 16.4030938736523 1 0 A
10.197107945516 2.91622431932315 19.1334410009978 1 0 A
9.36334047061983 1.13824912164363 15.1231279353544 0 0 A
9.32514588145015 1.30512018696963 16.0757500289024 0 0 A
10.0021797484261 0.43947752944047 14.8810085985797 1 0 A
10.5562013565666 2.7035994181052 17.591736206164 1 0 A
12.6400535904439 3.83753040158386 19.4284910557795 1 0 A
12.1131840178554 1.17395210507441 15.4664793422408 0 0 A
11.093993254896 2.19020144649309 17.0693457598259 0 0 A
9.75983339449186 0.476299794062379 15.0047430246494 0 0 A
9.72369587162835 1.96043821237524 15.4016915710961 0 0 A
9.47221276273131 2.79140466577835 16.576864747715 0 0 A
8.35062666769306 1.11303050174989 17.0104016653072 1 0 A
7.8918729988967 0.463190514780122 14.1520497283626 0 0 A
9.66480717937096 0.726278312584423 14.1911995060575 1 0 A
10.7792410935829 1.74703200801014 16.4814824027866 1 0 A
12.1056867802414 2.9411815371658 16.6413539468018 1 0 A
9.0503618891394 2.19301932968409 16.6347985745197 1 0 A
9.00534745892373 0.226938606229745 13.3565058578623 0 0 A
10.11345333812 1.24720649021872 14.7130387829986 1 0 A
9.27935308321554 2.74500660760425 16.798102620716 1 0 A
10.0556521452691 1.44261860433751 15.4978207917693 1 0 A
9.15984790386404 2.71244275354525 16.5173093499002 0 0 A
11.9390941865721 3.1721403209606 18.662433800777 0 0 A
9.56425758193029 1.62647798145232 15.1989129540189 0 0 A
10.5851487328529 3.14060242482831 17.0737984215906 1 0 A
11.5413554135945 3.70911149585229 19.2851490489389 0 0 A
9.93918324839035 1.25478133917112 14.0186519035971 1 0 A
10.6166007897997 0.816115459066589 15.9534130835063 0 0 A
10.6086813702046 2.43785556067758 15.9441439964634 0 0 A
10.2072433796723 2.13986411788723 18.0230875956013 1 0 A
10.1405223662395 0.966411729475081 14.2323615771531 0 0 A
8.0971663153682 -0.67565464987549 12.9398498389117 1 0 A
9.12070283097266 2.17738397608531 15.8721268264064 0 0 A
8.5582648602077 0.870951791607013 14.1946658938855 0 0 A
9.07034904257394 3.07211040191848 16.4300034198226 0 0 A
10.8003281281329 4.91895793631451 20.3385576893411 0 0 A
11.1159490297632 4.61471513598065 18.5463646481599 0 0 A
8.27529971980959 0.240587484644082 14.9266529277255 1 0 A
10.2540487254903 2.73900547162009 18.2059595748014 1 0 A
9.09405311097146 1.80618694033983 15.8484770434457 0 0 A
11.8736591887284 3.38013709924374 18.0983446423438 0 0 A
9.78615566783742 1.58595789277398 16.8754415481895 1 0 A
9.60310702207134 1.22313207585966 15.8434830714312 1 0 A
9.46384095109447 1.50095299077388 16.3556471327127 1 0 A
9.09259216728359 1.15813083135099 14.6738710584718 1 0 A
12.9839388214798 4.9997814463202 19.7409002055979 0 0 A
10.9209782581295 2.57084322437779 17.732957095306 1 0 A
9.2955634731454 0.544914945987297 15.2325586502444 1 0 A
10.9112311256199 3.13767778119216 18.1981754814113 0 0 A
9.58025887569491 0.980116974045739 15.4052705840557 0 0 A
11.4896297031174 2.3795317665771 18.5678521764946 1 0 A
11.2991823443582 3.1390960569344 17.9101591136918 0 0 A
9.1246879160094 1.5893834890031 15.8592571894258 0 0 A
7.02472872720017 -2.02912844159001 13.245550084422 1 0 A
9.67520195770028 1.79658808217779 16.7885608250991 1 0 A
9.36317425170103 2.8396923921645 17.8241355659517 1 0 A
8.61855654282208 -0.54434886837856 14.4180976172232 1 0 A
8.24145155792415 0.90941783122034 15.6487280466462 1 0 A
9.81989984314278 1.99912687721532 16.4028506605206 0 0 A
9.42391517955371 1.1462791576047 15.6703673324236 0 0 A
9.22549182267052 2.59971711168357 17.6087851344266 1 0 A
10.8419167382326 3.30943749849868 17.6248803865852 0 0 A
10.6194535018512 1.61701185052251 16.2217333087948 0 0 A
8.02733526531672 -1.02050664792336 14.0329843681107 1 0 A
10.3223863418498 3.21999397042977 18.8330043100006 1 0 A
9.47609463467374 0.949306573083068 14.3736884531244 1 0 A
11.2148810135636 2.96805495243988 17.7516773897982 0 0 A
10.2904078487917 1.88371221659227 16.3373540061743 0 0 A
10.3841846092465 2.06982180518433 16.1522120409185 0 0 A
8.78776912175315 0.376684075420771 13.7739185509452 0 0 A
9.29592629031127 0.391971271354842 15.6819625215563 1 0 A
9.88504711644216 1.5014986630741 14.958137617649 0 0 A
8.91626098785117 1.25296239738236 14.8079156793839 1 0 A
8.39726966065304 -0.643111609015576 14.5460198783746 1 0 A
10.2415300087945 1.12104128143106 14.9081265313125 0 0 A
11.4853037856612 3.73929908337415 18.2066336566309 1 0 A
8.59468028881875 0.637462611565176 14.2910825994496 1 0 A
10.6586681801822 2.55812194539907 17.2588177111551 1 0 A
7.32368436099887 -1.03005934845381 13.1876767205536 1 0 A
10.43747003912 3.32601823185328 18.9225255855739 0 0 A
9.30771011399803 1.9161399557506 17.2668279266529 1 0 A
13.0296516599749 3.45176867318357 18.6290940817101 0 0 A
8.25341851093304 0.0434088810093864 14.4476636346974 1 0 A
10.1809438370104 2.24888053816714 15.8067961715626 1 0 A
12.576869032473 0.986703194576488 15.7851340687394 1 0 A
10.6046396607991 1.83287845899822 16.3142102248629 0 0 A
10.7792499800103 2.32226229553472 16.182280243656 1 0 A
9.78135059682621 -0.422415113282047 13.5463540640443 0 0 A
8.30632637332545 -0.18435997760943 12.9348865461612 1 0 A
10.8135701657061 3.77245459884288 18.9138181743966 0 0 A
9.03304905371619 2.00423353335886 15.7743467888693 1 0 A
10.3660933366014 1.19575522696159 14.791381701226 0 0 A
10.9741712404659 1.10293788504827 16.4294071464741 1 0 A
10.9858506876336 1.57268148164502 15.6833130297548 1 0 A
11.0281927290187 1.50369244157125 17.3215238619871 1 0 A
8.26857116768824 0.0514507595646254 15.516559405257 1 0 A
11.1824707301568 3.07870058099817 17.3049279842179 1 0 A
9.45244930098532 1.55137395692039 16.557335825717 1 0 A
9.03084185659363 2.96988298523644 16.617936354524 0 0 A
11.4031936964502 3.81010383427135 18.5384796970645 0 0 A
12.0264798494714 3.02882094533317 17.8333434031753 0 0 A
11.7513976959738 3.65415427558644 18.0715532549871 0 0 A
11.0576698238443 1.30738633629631 16.2545189786337 0 0 A
10.4799752059742 2.72122757206204 16.7821229126526 0 0 A
8.04530797649421 0.0451417954906682 12.3301435207131 1 0 A
6.42354900312328 -0.313689559401971 12.49340971808 0 0 A
10.3887558486405 2.52450713591446 16.4217087637447 0 0 A
9.24226097517419 1.43874172068302 16.1001149907278 0 0 A
10.2360801292734 1.26984081202729 15.4470833659698 1 0 A
10.3039420345845 2.87989562635769 17.3281480378591 1 0 A
8.56981447839143 0.826447380754729 16.0314718886565 1 0 A
7.9125168416785 2.56054728151443 15.8007944692478 0 0 A
11.8528459504304 4.52793493540427 19.9109990222084 0 0 A
10.1458926301887 0.669823101719809 16.3850009879549 1 0 A
11.8052420188662 4.57459205005305 19.8257744199595 0 0 A
9.5805110561234 2.58659306525509 16.4984590559145 0 0 A
7.9431343476458 -0.44588469819836 14.4682254534722 1 0 A
9.67933395861759 2.20550390586581 16.4666259128648 1 0 A
8.83554391216346 -0.260121984056819 13.5859845123685 0 0 A
9.70465889300545 0.742340661353602 13.7664934982254 0 0 A
7.84774807197157 -2.65806073611083 9.98204795951185 1 0 A
8.1135076617035 0.380400248240839 14.418005895463 1 0 A
9.96505067151211 2.42444921527955 16.7764169475269 1 0 A
11.7576560197447 2.90692385898011 19.2755149952071 1 0 A
8.72839633597885 0.213698773172541 13.7553166758986 0 0 A
7.11881531129183 -0.239080212616981 12.9883131097968 1 0 A
11.1962326043166 3.52915952457902 18.0190455417182 0 0 A
9.50138314614496 2.18970870406746 16.8532148428165 0 0 A
9.09280344742116 2.48834216482635 17.6939035861244 0 0 A
8.69880272661517 1.64412196010386 16.418446285392 1 0 A
13.0596478738059 3.21219710470428 17.3621944187972 1 0 A
12.6059311176888 4.74024347983864 19.1055715260967 0 0 A
9.62684834561742 2.40756030428582 16.486659454839 0 0 A
10.1423672834228 1.95818441402427 16.0846957394459 0 0 A
9.06088670399806 0.930207797148871 17.0059323025131 1 0 A
10.270656078315 1.70727139747917 16.4013797978736 1 0 A
11.990883165048 3.51288449648747 17.8698947539827 1 0 A
9.44898872539165 2.14023311155927 15.6991965922639 0 0 A
11.4890993052652 1.41392174253706 15.9245715093533 0 0 A
10.9531075067933 1.60609179799588 16.5497833701128 0 0 A
9.42867666467873 2.46950390865734 18.3143334185611 1 0 A
11.5707933981233 1.68241955784459 15.5309610920578 1 0 A
10.9465803324321 1.4105996821506 14.5528430264232 0 0 A
11.3866101577064 2.26584523278214 16.7401725510696 1 0 A
10.2213593681997 2.19731796115314 16.5695969661781 0 0 A
11.0544532648453 2.92547777807197 18.282551273156 1 0 A
11.6274532512808 2.79214801500269 16.9259205845496 0 0 A
11.112499772826 2.62161358939313 17.0020057763859 0 0 A
12.0698164223591 2.8390135567316 16.4105205959484 0 0 A
11.8467739899499 3.23595621658712 18.0203460282166 1 0 A
10.1201925385552 1.49822083899014 15.2445210606376 1 0 A
9.92353128751721 2.296922378791 16.7319306179979 0 0 A
10.4607055257867 2.69427862257403 16.8152126933532 1 0 A
12.7640992163476 3.33569281949363 19.8048173939187 1 0 A
8.71179008224349 0.90021654910117 13.965249490975 0 0 A
10.3838929416783 3.56594921286928 19.1637281323045 0 0 A
9.07358848190642 1.31566641435656 15.4807183655415 1 0 A
8.97946252953917 1.80578867303586 15.215702607094 0 0 A
9.93145346831573 2.49158204141097 16.3306636685141 1 0 A
10.5755401532015 1.99641715252598 16.5235797408881 0 0 A
10.2236993803156 1.44601384654201 15.8821934800753 1 0 A
8.76427769219006 1.36258047782512 15.2258980962548 0 0 A
9.21229984316368 1.34262192590778 14.1879391201023 0 0 A
10.5725589323567 1.60373845617212 15.5881351870498 0 0 A
9.36773436541527 3.30690482023909 17.1160531804102 0 0 A
11.5800396039368 3.40654620530064 17.9704081431359 1 0 A
10.302309735932 2.65389428266408 17.3747075428538 0 0 A
9.75596172814857 0.478149137911342 14.1206769520751 0 0 A
9.74822439056061 4.20831814775595 18.0298410071326 0 0 A
9.65168899961489 2.13637443116864 16.2104742439282 1 0 A
8.01664289636435 -0.00562444182984079 13.6880972214223 0 0 A
12.0550108604609 2.11501304698447 18.0129603216456 0 0 A
8.24614381956417 0.560893059461234 13.6609936521983 0 0 A
9.29034793677618 2.41898587114151 16.8390228713573 1 0 A
10.5937362172148 3.22902483296346 17.9468525300685 0 0 A
7.87135392325268 -1.67607850390581 10.5352032864259 1 0 A
9.50819811116462 2.5016996286208 16.7391308911083 1 0 A
9.35682432173886 1.88570229995213 16.0563193655953 0 0 A
9.38945041745321 -0.66194066524128 12.9436009993715 1 0 A
9.33123048406425 0.532766560682406 15.2503647148073 1 0 A
10.6122542145699 2.97942699411906 17.1501772344262 1 0 A
9.10865305964636 1.31279017678002 15.3976976134621 1 0 A
9.83723831466751 1.78352323764099 15.6852398186573 0 0 A
8.50354069391874 2.20071300043056 17.1915526890019 0 0 A
9.18414666753853 -0.272146772848523 14.7779041660855 1 0 A
7.70410885739003 1.95923996671823 16.1036682693632 1 0 A
11.5967806258407 2.16760305922719 16.0059530393798 1 0 A
7.65787123587385 -0.374049468600004 12.9469045281972 0 0 A
9.34604033698486 2.3206962786206 16.0353386196329 0 0 A
9.81830005787246 2.09127144013513 16.5069480116391 0 0 A
8.97218526886331 1.12039478436614 13.7251056890434 0 0 A
11.9666905973267 4.71028862669491 19.1598485827177 0 0 A
10.2212561387629 -0.0597965031071143 14.2399179645606 1 0 A
9.56917685433173 1.20782187510566 14.780607012553 0 0 A
11.7874578283005 2.66227872216772 17.1101838654917 0 0 A
10.531415390044 1.51114695408499 16.3740256466761 1 0 A
12.7793587789153 2.85610932935291 17.4506678798416 0 0 A
9.53448353482756 1.77400237110491 15.9844389667216 0 0 A
9.73115551622552 0.388393873143447 15.1909550579289 0 0 A
9.54804203563539 1.67817505064923 17.2701449325258 1 0 A
8.48016691739769 1.64023397132791 15.0350785961249 1 0 A
9.28822589819797 -1.21844660581309 13.0022805033185 1 0 A
11.4416850609631 2.94319589156643 16.9896881298199 0 0 A
10.7122571887518 0.316158837146546 14.12954322964 0 0 A
8.92078773037495 1.46976862561542 16.2169897118196 0 0 A
10.5359225333628 4.24469670173432 19.7492181854744 1 0 A
8.09627548442641 -0.652891968428373 12.501640204802 0 0 A
9.5598855700133 2.72161903035055 16.1041681390865 0 0 A
12.2392919094655 2.16098676764682 16.3784472694653 0 0 A
10.3478821055497 3.27012452303894 17.3275596082813 0 0 A
11.007543850726 -0.0253344319043731 15.0483814174348 0 0 A
10.3123347137135 3.43226766897814 17.958745931259 1 0 A
9.66899945269607 -0.469186863540445 13.0453017188614 0 0 A
9.23353323604354 0.308848104748315 15.0909996193833 1 0 A
8.08083741732254 0.259790433611382 14.3553556021779 1 0 A
9.52772842983506 1.34314759902091 16.102623488945 1 0 A
11.629377254243 2.83025376689691 17.9797108623295 0 0 A
11.2917158287759 1.79559748271243 15.7316488625787 0 0 A
9.76556865388485 2.31957798396131 16.1864963960818 1 0 A
10.2149848191117 2.06374882094025 16.8973200875898 1 0 A
7.76021753247883 1.10127000764437 13.908534194383 0 0 A
9.9639834311106 1.63923243454987 15.2136783518523 0 0 A
10.0087470588587 1.29223237668298 14.2154362250792 1 0 A
10.1975404200391 3.63844250553719 18.2510931610324 0 0 A
8.12456375434727 0.741110607057716 14.4845031639189 0 0 A
12.0833992501337 3.93704747031573 18.0931395339267 1 0 A
10.9018370345098 2.56532254927426 17.0380529611284 0 0 A
9.81641114621823 3.08840722768174 17.2135374974365 0 0 A
9.97452806699369 2.53406703337801 16.7809767786219 1 0 A
9.0530094105239 1.97662334909741 16.0293337103692 0 0 A
9.77177903527442 -0.0608263264873719 13.2926859375813 0 0 A
11.5912145452567 3.19697139556669 18.3188599869044 0 0 A
11.4136927067753 2.1445204796274 16.6918965957996 0 0 A
11.9231447433883 1.9064220077526 15.8389205351233 1 0 A
10.3529236196593 2.9893487089045 17.6728378999007 0 0 A
9.09397330106847 3.01306441820564 17.3512493128276 1 0 A
9.21118235206581 0.977898986056574 14.4385300654704 0 0 A
9.80855768124736 0.200036059898187 14.1973418468111 0 0 A
7.94223030390554 0.142987152304703 13.4521524404122 1 0 A
9.40880062489007 2.0717537942567 16.6871117453954 1 0 A
10.1874921039671 3.24343361177613 17.5207588049861 0 0 A
8.82334514806615 1.48241809182638 15.2007579092616 0 0 A
9.32705662889395 1.28794048207601 15.7681359802747 0 0 A
9.72861853584583 0.880054073638575 14.7986594786207 0 0 A
10.8709123783626 3.06754056011197 17.6885855105187 0 0 A
9.60539816154985 1.79757755545941 15.2613615768878 0 0 A
9.04149128173774 0.100819461969042 12.7639963260346 0 0 A
10.5577590894612 1.04141509421835 15.2731955741755 1 0 A
7.68007974509527 2.20371145100703 14.8756085084995 0 0 A
7.92950089756146 2.48524022082335 18.505547913399 1 0 A
9.96828538891863 1.07048571463205 15.5128890122155 0 0 A
11.5108976703015 2.28240126617673 17.9588976466688 1 0 A
8.81765566412531 1.92332157295254 15.6030664973298 1 0 A
10.1359800127726 1.97077607325617 15.5617324195522 0 0 A
8.96816966642085 2.83925433537279 16.7107757865194 0 0 A
12.3743852327006 3.87277737528342 18.9486013085789 0 0 A
10.6309931644979 2.15909221749979 17.1358349887506 1 0 A
7.02093811806374 -1.31046651735573 12.8284369086887 1 0 A
10.4643137336848 1.56577670099829 16.5714798926537 1 0 A
8.65264300115047 0.781735103381257 14.409791494168 0 0 A
9.37069692898521 0.63490506900328 15.2299966071075 1 0 A
8.98164354380536 1.55662923447271 15.1783854140608 0 0 A
11.308028739164 2.67000311324217 17.6845965115641 1 0 A
11.5742011774281 3.22491453460315 18.4135804939849 0 0 A
11.2494442011657 0.92072353571998 16.9123849959179 1 0 A
8.67763330600707 0.680018683211211 15.0596156973943 1 0 A
9.89315977799694 2.28704158137783 17.4470310500441 0 0 A
11.8950739600386 2.54712539910541 16.3968618223788 1 0 A
9.6537945876664 1.26345321238022 15.3141568041427 0 0 A
10.0136221025025 2.53135448038561 17.0044441183688 1 0 A
10.8679971491514 0.520294028987532 14.9845888395188 1 0 A
10.0948136883596 3.32377169137692 18.1976167835311 1 0 A
10.0619533053466 0.815005401965288 14.4065274626907 1 0 A
8.91132770479813 1.6156721392615 15.4956880513415 1 0 A
10.6040320145619 2.64981251340953 17.2213946017029 0 0 A
8.39380005212617 1.24426839685202 15.4902021555827 1 0 A
10.451650349884 3.28936334076199 17.8130719790672 0 0 A
11.3946278774969 3.2309510397015 18.018411779429 1 0 A
9.13882890206505 2.014241527251 16.7816655647212 1 0 A
9.92789906384256 0.777212623388861 13.9926432917042 0 0 A
9.00775827426953 1.01148025193301 16.54788771104 1 0 A
6.46050380448352 0.587150860923075 13.9373370269148 1 0 A
8.61016996551678 1.26749435663042 14.149919861061 0 0 A
10.3345880836496 1.26234289314168 14.8902980658864 1 0 A
11.3414102152883 2.31661802103034 15.8066260656749 1 0 A
8.86374073486624 0.617137509912138 14.9265925812866 1 0 A
9.84718591853472 0.295707882906151 13.9322877830913 1 0 A
11.3852439192904 3.13916240702745 17.3765702857996 0 0 A
6.93272924233312 -0.170112016619097 14.0171953067928 1 0 A
12.3007317760166 5.31140090987583 20.0701717536475 1 0 A
9.81894818108228 1.6767491273711 16.7777278943621 0 0 A
9.42215512967563 2.99775059472416 16.9875909050313 0 0 A
9.65607740273129 1.28450468375819 16.4813200373586 1 0 A
10.9146690699904 2.37323353792387 16.6354948517782 0 0 A
9.7556998668265 1.35724215834646 16.7480571705287 1 0 A
8.61824307766428 2.62275752854259 16.4318599318247 0 0 A
7.80701765717226 0.184623251449004 13.9229922234315 1 0 A
11.389937559741 2.87412930091311 16.5955418301669 1 0 A
11.2484031907443 2.45526883024819 15.1228677071491 0 0 A
11.4600348573002 1.5957157611458 16.7206342268089 1 0 A
6.92463251435278 0.370569055466039 13.6454990696783 1 0 A
10.7936543812574 2.44839663423131 16.7967118784692 1 0 A
12.2937664865 3.48690317169477 17.607028582271 0 0 A
9.99616829232917 1.16882540000894 14.5907380628732 1 0 A
9.00923983350354 0.728947990001768 15.3293224174003 1 0 A
10.9185723786867 3.69884404961621 18.6904677112186 1 0 A
9.55503282274728 1.17173676071437 15.5307460747528 0 0 A
12.5117822851812 4.12355769257908 17.8370082732346 0 0 A
9.5800177376495 1.34608502419877 16.3049893438464 1 0 A
8.96671321554882 2.33777193082571 17.3788806952643 1 0 A
8.05371314308097 -1.11848442800158 12.813565381545 1 0 A
8.5387447895918 0.0432925161208028 14.8893083742838 1 0 A
10.4465085157627 2.15446419816141 15.5694693151715 0 0 A
9.83442821818607 4.21840806804603 19.3100383046292 0 0 A
11.4077386712364 4.44110907178079 19.9599282996151 0 0 A
9.49836463592514 -0.537274602115921 13.0796895989682 0 0 A
11.5384390035112 2.42480150860953 15.9885351909199 0 0 A
9.06387826092383 1.67799685124244 15.931561675097 1 0 A
7.82683224551675 -0.0595309319785247 13.8306881007233 0 0 A
10.0897633592683 2.48146998419274 17.0288610119312 0 0 A
10.2946607090336 0.38682292569964 13.9540632163236 1 0 A
8.72537303934373 1.74433883471337 15.030544805841 0 0 A
12.2351231824889 4.29782003995934 18.5018264180178 0 0 A
12.3478835461089 3.8822439338481 19.305291601613 0 0 A
9.18077838489487 0.928453634350302 14.6149871922737 1 0 A
9.98968952687852 3.22743802467215 18.211317221375 1 0 A
10.4412591841466 1.56812092305295 15.1297803648206 1 0 A
8.76174860365682 1.52550463734827 15.4362894738487 0 0 A
10.8178816413742 1.89842081343824 16.3471388381471 0 0 A
9.39496069007776 1.78181727310724 15.3484236630516 1 0 A
10.9822350547417 2.5170256515543 16.7982326754435 1 0 A
9.61759542738453 1.77589375957167 16.1427358662208 0 0 A
9.98255558573132 4.53038789087433 19.8353990104044 1 0 A
9.82281994853476 1.42558197682173 15.5006000698848 0 0 A
8.88792990775577 -0.0773081245660308 13.9906027873806 0 0 A
9.6773989678212 0.91672667812511 14.5074039481234 0 0 A
9.56662545814063 0.181734365558414 14.0782439938783 0 0 A
7.51082767413438 -1.51010323251953 13.0256360235497 1 0 A
8.91944764323979 1.68445699631829 16.4285631349901 0 0 A
10.4710228989117 0.997964813363985 14.5964767644355 0 0 A
7.80147709921306 -0.110111594350824 15.204930223722 1 0 A
8.50733491685146 2.03035337129756 16.5087931155422 1 0 A
10.5732685367022 1.45412020144546 15.0890431831518 0 0 A
11.0691020709533 2.37386123818102 16.4515179457856 0 0 A
10.267791656867 2.41818440411547 16.6897048880444 1 0 A
8.85207218520795 -0.0676376035128462 13.3880510460404 1 0 A
10.5351088414096 3.04298138675086 17.1054262429564 0 0 A
11.8480121150222 2.57190591555339 15.9072154772722 0 0 A
10.247153937985 2.71548306584635 17.2110780581442 1 0 A
10.4708805012048 1.74977279339372 17.1023241577762 1 0 A
12.7011072167421 5.25547764200336 20.1370993518126 0 0 A
11.664847092936 2.3442383966201 17.0082857607898 1 0 A
11.4314720054123 4.04346580943589 18.6221329800717 0 0 A
12.4992234706533 2.85896892974716 17.3317655278673 0 0 A
9.70875961458558 1.49879617687381 14.5540443511688 1 0 A
9.46783920159701 1.82202587428032 15.5700193308715 0 0 A
10.2383770534739 1.03333750098435 14.4872446856328 0 0 A
9.05045432966782 0.974031296354574 14.0290286581179 1 0 A
9.83611268894463 0.717822000525175 15.6609068712593 1 0 A
10.9024237532656 3.65541648909555 18.2957373820596 0 0 A
10.0740942808363 1.91168892104663 16.3075868823644 1 0 A
12.7854599424267 4.25650897309025 19.7593367348685 0 0 A
7.25813472064636 0.787039816992692 14.2940249353578 1 0 A
7.99383047296416 0.99796729056813 15.2810461306892 1 0 A
10.7933292845424 2.87312227169696 18.0186800558609 1 0 A
10.4383137329668 3.02825365499907 17.2139216642534 0 0 A
12.86390486443 2.61485438084806 17.7899639925631 0 0 A
8.4323780138777 1.25260662674592 14.8303474715866 0 0 A
8.21923904751312 1.15564950128107 14.6974123220479 1 0 A
8.64492420284514 1.09976964303095 14.9286552107592 0 0 A
10.5289718145114 3.04941687105943 17.9516599600164 0 0 A
7.54146304653146 0.17106217990413 13.7033627126653 0 0 A
8.36686566531934 -0.430594381921995 12.1566602839494 0 0 A
10.6005127476837 1.64902534050216 16.0818036590962 0 0 A
9.52446725588714 2.03353774984963 16.5344347006664 0 0 A
12.6344724052418 3.81029947668982 18.6810968445395 0 0 A
11.339515764579 0.596376283367213 14.7135837184732 0 0 A
8.47995113097477 1.24943827921608 15.2227009818902 1 0 A
9.15723570733007 2.17335793737535 15.0533462839401 1 0 A
10.9418464564842 2.49376081799679 16.1848945276781 0 0 A
11.5286047263241 0.551681680232727 14.3614634755681 0 0 A
9.7291729301798 -0.0898004815271009 14.182210303204 0 0 A
10.6417136303201 2.49311694927753 16.6426561606358 1 0 A
9.36481733634487 -0.464188546419938 12.4580324320508 1 0 A
10.1342822177792 0.75557869564494 14.429383264903 0 0 A
11.8443812164791 2.68260172689503 17.3030203397964 0 0 A
8.37225900747883 0.371092222572999 13.9184087200728 0 0 A
10.893825871723 3.45818382156289 18.167825264667 1 0 A
8.82088348463126 1.78380153332608 16.4499682555446 1 0 A
10.8207387534664 1.27280917262225 14.7435145298943 1 0 A
10.42362460117 2.68716036302701 17.775304104146 1 0 A
9.98493459918364 3.25555436111506 17.7057580673911 0 0 A
5.39248181565338 -0.825491324766129 11.9701553945464 0 0 A
10.7954829031132 1.83625077747391 17.3114283078348 1 0 A
9.59876431795049 1.0871477237401 14.2998103207281 0 0 A
10.438940219583 1.67301771217121 15.8784385399601 0 0 A
12.6891555476059 3.3612782940425 18.9510528794668 1 0 A
9.49015510446082 2.76336532724566 17.357255575672 1 0 A
11.2377967270799 1.54875412603424 15.4126381371314 0 0 A
9.03507011328536 0.296493568029834 13.5863082820789 0 0 A
9.0073008569042 0.301074000252845 14.4352062750171 0 0 A
11.2314723570197 2.65633118062037 18.5074222672078 1 0 A
10.5182549908045 1.14652137334834 13.9415957126162 0 0 A
10.0538934228159 1.23461507539218 16.009419592017 1 0 A
9.86102784979084 2.45169272470968 16.8030047604694 0 0 A
9.36565942675994 0.756041532858252 14.0320938104916 0 0 A
10.8984973151808 2.9199750115195 17.9492020978137 1 0 A
10.7239279466038 1.75625795232241 17.0833503609549 1 0 A
10.6074963552936 1.62091316818037 16.0530966175949 0 0 A
9.25411049081596 -0.743664868916224 13.9957649524879 1 0 A
9.55417514677624 3.14263429142312 16.9524725567499 1 0 A
10.1846020975839 0.785796112330599 14.304606745834 0 0 A
9.87491259573539 3.66669273587584 16.9179426097269 1 0 A
11.0621731666467 3.81597182996931 18.868838530093 0 0 A
12.6183644695142 4.82792185078003 19.5721133241375 1 0 A
9.08651719492907 1.42626177076261 16.0058291203866 1 0 A
10.103010954646 1.01948339704614 15.5737414365993 0 0 A
8.09054010207002 -0.634965922419197 13.8883242982118 1 0 A
11.5267329788997 2.68233660786613 17.4018113601352 1 0 A
7.60054156586695 0.0358135746952977 13.2334906494034 0 0 A
9.79824367093212 0.574230340886656 16.013330126944 1 0 A
12.2022778845549 2.09392531957343 17.314460321406 1 0 A
13.269936896151 4.29440093362029 19.4710970102749 0 0 A
8.87716467294047 2.53281865681705 17.6320640871586 0 0 A
8.82870647417191 0.499621313220871 14.4298515260132 0 0 A
12.4062466654116 3.6386162073155 18.7298462264834 1 0 A
9.12058549677898 2.61299657115538 17.2914966841057 1 0 B
7.21921590668975 0.862591673996889 15.2613087010095 1 0 B
11.8337196645297 3.04789101309121 19.3278574309224 1 0 B
12.06513741672 4.14834280606061 19.644402312376 1 0 B
11.7005775351705 4.4137214372125 20.8242055603792 1 0 B
12.0683093009041 4.00114408054629 19.9910225465201 1 0 B
10.2239148559925 2.52626897319497 18.1354141843894 1 0 B
8.6789456191289 2.56780857729804 17.6776208255541 1 0 B
9.97216277636206 1.68490450569768 16.9951868196189 1 0 B
9.60782121804813 2.00237670424078 17.7520816869833 1 0 B
9.68915110110189 -0.00886340531544205 15.3278378432292 1 0 B
8.41114820860843 0.737912016177422 16.5329529199568 1 0 B
11.7280784542227 4.8713242557718 21.6969889125729 1 0 B
10.105756851822 2.42600058844911 17.9085775212688 1 0 B
7.58367341039336 1.64632871079757 15.8190418176587 1 0 B
9.19702673810908 2.05341507579361 17.6235997872678 1 0 B
9.14845959722162 1.45912410398394 15.7763848844957 1 0 B
9.45394071068568 1.83591199369775 16.1883006857344 1 0 B
8.45529244671442 2.38078684233795 17.5584964004621 1 0 B
9.60751478223331 0.369300730878114 16.4175644159778 1 0 B
12.9509286203389 4.06948459631651 19.2178563466144 1 0 B
9.54960974796828 3.892171688888 19.2048815871556 1 0 B
10.005661560282 0.872976486838723 15.7328016105054 1 0 B
10.7868292902643 1.60114121992648 17.1761811283442 1 0 B
10.5580898144401 1.26269739898672 16.6712858512031 1 0 B
9.44011850390153 1.71988986907785 17.7848246285162 1 0 B
8.7852125758199 0.479107958291643 14.39543375672 1 0 B
9.77647080078157 3.75021594797279 18.9567419556043 1 0 B
9.58133892798669 2.78027818909668 18.2619234114769 1 0 B
8.64120019656835 1.62109365472831 16.0478647831192 1 0 B
9.25458296950479 2.21099063754367 17.6851705742332 1 0 B
8.70720937639226 2.66946367985839 17.8718931464155 1 0 B
11.7060495183584 2.35217922808892 18.0373948058007 1 0 B
9.51117127200768 0.839150509609834 16.6035493694971 1 0 B
10.4417550796698 2.57403281019001 19.0014167058924 1 0 B
9.57448661075354 3.07996796083175 19.9925341882859 1 0 B
7.27718344690397 0.83100761279856 15.3911922787266 1 0 B
9.55403293414382 3.10183802059275 18.846434248716 1 0 B
5.93518311615757 0.282112715729933 15.0316270074276 1 0 B
10.9084389514978 1.56428665461365 16.7978086633107 1 0 B
6.85410990143216 1.19277370672906 15.3618971807238 1 0 B
7.95342456612973 2.76697545309557 17.8858730195412 1 0 B
10.4761592494184 4.26178871676225 19.8736485860268 1 0 B
10.4048612297549 2.64417498942453 17.5491511882512 1 0 B
7.91714432909279 2.42868967229531 16.8751296133183 1 0 B
10.9514888065955 5.03598234988069 20.4151457858311 1 0 B
7.93831531259879 0.933761236990152 16.266676112738 1 0 B
9.39864064661855 1.97879071503101 16.9485169075948 1 0 B
9.06824857587979 1.7478228025688 16.6422069693681 1 0 B
11.0757120259638 3.81582950872104 19.7778006571471 1 0 B
6.97759674496868 2.23081478781133 17.1710594765622 1 0 B
7.82100287568184 0.72350892523726 15.5033556719768 1 0 B
10.6625803291746 2.55104067715072 18.9958228284542 1 0 B
9.82624361740093 2.88141755186474 18.4256287298176 1 0 B
9.03072290756952 0.597696919063044 15.3733913294164 1 0 B
9.63962755805118 1.37409575847878 16.1841256879407 1 0 B
9.35678454397556 2.23771461742747 17.6135222621863 1 0 B
9.92022045533147 2.51473612058217 18.0795149571889 1 0 B
10.7979482380264 1.50673937323938 16.9062576070723 1 0 B
10.1291222407106 1.11858142444174 15.8934524550123 1 0 B
7.69569828547992 0.783897901014748 14.8598679018713 1 0 B
8.96029873302366 1.25978691659801 16.1362526276777 1 0 B
11.4539131285172 2.32644019598105 17.8938847709175 1 0 B
8.06190010627951 1.96953711484716 17.1377245377036 1 0 B
10.6343480068916 3.27089059805903 18.9575618566014 1 0 B
10.5976514408077 2.00982277671241 16.9773329924706 1 0 B
11.0890829602215 2.27239751279113 17.7701852323267 1 0 B
10.2717271067694 3.18265009919097 18.5336587124986 1 0 B
8.33670058116311 0.928373231020618 15.2648988531506 1 0 B
10.6884378212025 1.20341540285642 17.5955613017662 1 0 B
10.9305256894591 2.23034807415826 18.6804915839107 1 0 B
8.72112765813722 2.24510539323897 16.8266232902241 1 0 B
11.0133329893574 4.57996920599277 20.4344709627671 1 0 B
9.94808904180127 2.96420547319743 18.1912855588362 1 0 B
9.51525664279279 1.53913818762771 17.3359393451371 1 0 B
11.7824092988966 1.44672661486559 17.1326062048643 1 0 B
8.55805180381749 1.34367610773438 16.7521572682237 1 0 B
11.6312959577405 3.30127403675016 19.22305796426 1 0 B
9.62276864664024 1.96792086636324 16.5835255753665 1 0 B
6.65911075341769 2.29841554041918 16.7614524499329 1 0 B
9.45330294871575 2.93895413316539 19.2575049586284 1 0 B
11.2107228874623 2.53777536502398 18.1522592969784 1 0 B
10.0745636843157 3.58815329740866 19.1821557815538 1 0 B
10.9079558387436 2.83833063516986 19.5970464214032 1 0 B
11.9652562922419 5.1087171595783 22.2539272378188 1 0 B
10.6257735704619 2.79921638883591 18.3745327138624 1 0 B
10.720449963186 1.93903723381657 17.9689811059674 1 0 B
9.91278970735162 2.57802345523569 17.6650885835617 1 0 B
9.18634871188512 1.97942462207737 18.3372370789352 1 0 B
10.1224275328052 1.95173317434782 18.130850018337 1 0 B
9.04184401456814 4.01226398166147 19.7132349923542 1 0 B
10.8909711724055 1.69343454090619 16.9798300758428 1 0 B
10.0162039368339 3.17742188983972 19.1420476728677 1 0 B
8.61455149197211 1.36875413001006 16.3483940824225 1 0 B
8.7177304975366 0.734787223207948 15.8978423040926 1 0 B
11.5978469118779 3.5882238108818 18.4293660695725 1 0 B
12.5650390186553 2.74775271210666 19.0390722797762 1 0 B
7.74177654492036 -0.102899117083637 14.5566575681232 1 0 B
10.2509780921454 3.47178471249361 19.7343484387518 1 0 B
8.74558815784089 2.28637799079593 18.4613400885124 1 0 B
8.68918658643005 2.2020101657959 17.4202607515603 1 0 B
11.5515450366332 3.18578237263457 19.1045575167557 1 0 B
11.2027018038132 3.3180401176963 18.4808422925959 1 0 B
9.54549223321548 2.52621637686919 18.0513299129904 1 0 B
12.079236178674 2.06425032410423 17.2845800322145 1 0 B
9.10677444048263 -0.839861374161155 14.3859123415393 1 0 B
10.7652670882481 3.23833023021161 19.3492390384131 1 0 B
10.5519118286662 1.62980803731729 17.4231422911196 1 0 B
9.79728381199463 4.48775434205272 20.8175107516872 1 0 B
9.43049240010337 2.69135820272129 17.9362508657852 1 0 B
8.88470169254172 2.90245977106912 18.8522298072179 1 0 B
9.84431094652767 2.19221489580888 18.4779295731898 1 0 B
7.67176071752862 -0.142365745838961 15.1712794341594 1 0 B
10.7382702789739 3.69123206181503 19.4176294570543 1 0 B
11.3319238459326 1.99747144957927 16.8601781359207 1 0 B
8.12353856915328 1.52175969627563 16.1778524935271 1 0 B
7.98219641938677 1.72083860868042 17.2530163109655 1 0 B
11.5601041697382 3.46957254140343 19.5922378354649 1 0 B
10.0792822955552 2.18211172620162 18.2112168185879 1 0 B
9.36745896508977 0.755700303981406 16.6391150451727 1 0 B
8.72794192776648 3.60257229335568 18.5574970489488 1 0 B
8.98374712564389 1.18736370390919 17.0015935736735 1 0 B
9.58841532213214 1.84405498858739 18.1095388855509 1 0 B
9.6386125033112 1.62527256552222 16.7255895043941 1 0 B
9.40129813262885 2.16136399348783 16.7872017177824 1 0 B
9.22696344626762 0.28614802018803 15.7232660452547 1 0 B
12.5736914234123 3.6116436039477 19.7552275488595 1 0 B
9.62601328275381 1.38225141692163 16.740549978963 1 0 B
9.39598980576186 1.78030373423741 16.6754784305158 1 0 B
10.2629999685801 3.10817362647798 19.9075497776102 1 0 B
8.70262988928216 1.24420192214 16.3924511183457 1 0 B
8.95035524226341 2.36764557863327 17.2661888534873 1 0 B
9.35438908423473 1.54378257059646 17.5202904197532 1 0 B
9.94947743311217 1.84537842270563 18.4580396594857 1 0 B
10.3681295303106 2.91297281397998 18.4278764249755 1 0 B
9.89743440711359 3.0597911602008 19.0238238732544 1 0 B
10.7486818008309 1.89121483877156 17.2202075158184 1 0 B
10.8836822120532 2.66007452756744 18.0844085309017 1 0 B
10.3257079407571 1.43315895361659 16.4593930753384 1 0 B
8.2261470604333 0.445887620575067 15.4967305775511 1 0 B
7.24332172114248 -0.275585045330297 14.6345504612744 1 0 B
11.252409786131 3.63721022341327 19.8703984344934 1 0 B
8.1071873941093 -0.0912224529955026 15.3835288687798 1 0 B
9.35367977892705 3.94673279475882 19.7033316371176 1 0 B
11.122032290028 3.45487702976013 19.4701534220732 1 0 B
9.85889013091708 3.29695257062048 19.1046568581097 1 0 B
12.5556313884201 3.5702401958012 19.4130185667445 1 0 B
11.1984664369418 2.96938993230223 18.7413385807441 1 0 B
9.58687311630486 1.8063652410303 18.0495345054381 1 0 B
9.78219999285285 3.56440868342432 18.9052613582184 1 0 B
10.677747205588 4.1263333992839 20.7848515823014 1 0 B
11.6221028715645 2.49483211197944 18.3776805453478 1 0 B
11.8342645518356 2.64890492348946 18.0442821919038 1 0 B
8.96772341905143 1.81593938565656 17.0583923660812 1 0 B
11.6376346483984 2.7845710324269 17.6815881738584 1 0 B
11.2258000313941 4.46701907430153 20.6511927097015 1 0 B
11.115965736416 2.91330407034981 18.9327349067838 1 0 B
11.0003368805878 2.38606374342503 18.3850065808957 1 0 B
10.2242161091719 4.94095857927355 21.3868491974151 1 0 B
9.1918180707335 0.987350259746745 17.8422952514819 1 0 B
8.60418359007857 1.97135500390535 17.3136548941543 1 0 B
11.8351406250524 4.08997952722982 21.0407865397714 1 0 B
10.3528644982678 3.97109443669485 20.2981072276263 1 0 B
9.4148578908289 3.32358178757842 19.148820496723 1 0 B
8.88937169518091 2.21596115327511 17.2283789520311 1 0 B
10.9666959213472 2.37936035745588 17.2600332365453 1 0 B
8.34909190071767 -0.0403561495594524 15.1373829554301 1 0 B
9.97786973117891 1.99084251687715 18.2450314767178 1 0 B
11.1762505403808 3.29820433260996 19.1316644466656 1 0 B
10.1839180611133 2.1741178480332 17.3810988630403 1 0 B
9.67425762698471 3.40406545479338 18.5067404910742 1 0 B
8.65340402154506 2.67512871539148 18.233360882706 1 0 B
9.31119580152849 2.38458605070634 17.6260044465988 1 0 B
7.35599902205026 1.6814780406114 15.5079206052962 1 0 B
9.71383355543009 2.10349756177702 17.5206083371963 1 0 B
11.1622727998671 4.45626305751349 20.7078855571036 1 0 B
9.3508501210901 1.48084356449547 16.8757345569273 1 0 B
9.24346128799483 2.52018827385375 17.4266003299132 1 0 B
10.6507435986007 3.38294203591267 19.7762792649088 1 0 B
8.58779920559179 -0.00822180700348593 14.3523094733043 1 0 B
10.4115633298752 3.46543673770735 18.452090376042 1 0 B
10.2228046653224 1.85260805214267 17.2377171518698 1 0 B
11.3870890643894 4.46825537359039 21.5976259653758 1 0 B
10.7373336239613 2.07300994866671 17.5230950781499 1 0 B
8.19869814729329 0.0127894337457644 14.0481568798518 1 0 B
8.68749316719779 2.68177667229767 17.6064675415534 1 0 B
10.4086746273973 1.67871108021699 17.0593418210616 1 0 B
9.58674638593758 1.80452505304422 16.9935270450211 1 0 B
11.5830924733762 4.28227036756375 20.600566828062 1 0 B
9.05763002442793 2.17700690816566 17.7747157336154 1 0 B
10.0496141768749 1.52757902582113 17.1729703025606 1 0 B
7.96946891310539 0.513401281561615 15.8301421087923 1 0 B
9.63951945723919 1.80063764645268 18.6244165379462 1 0 B
11.2003052438343 3.37215429651585 19.9485034308155 1 0 B
9.95526872079312 3.62892867587425 20.0811250828731 1 0 B
9.14316929948828 2.69989894329049 17.6629082713099 1 0 B
10.3180610464056 2.46612744165908 18.247177425542 1 0 B
12.1324617364149 3.46634186222442 19.5439746112968 1 0 B
11.2679380848131 3.83830234263412 18.8493682035502 1 0 B
12.0211450793378 2.689072456022 17.7485078831875 1 0 B
10.5038592916883 3.52304771872251 20.4681755459631 1 0 B
8.34519768277959 0.528990787305297 15.5435589571489 1 0 B
9.97024870217685 1.93433557655134 17.0783068534044 1 0 B
10.7461734007587 3.53063124559461 19.1084207825665 1 0 B
8.74517252476903 1.46853788004983 15.8110575834465 1 0 B
9.76986735510145 1.8670039147897 16.5761902962857 1 0 B
10.4234587064592 1.85202535762707 17.9667515286857 1 0 B
10.5601843983617 3.30010772150536 17.9990421754048 1 0 B
11.4650494045408 4.01704043196293 20.2250178340651 1 0 B
8.88502005747023 2.013300760365 16.9855474593986 1 0 B
12.9088459241701 4.21555570896557 20.3467356694321 1 0 B
8.38383642461188 2.47890993597919 17.1886474539649 1 0 B
10.8334480893514 3.20893545500917 19.9114449621788 1 0 B
7.87913942809145 0.529287596535868 15.3004818386866 1 0 B
10.8269476867317 2.83181168451358 19.5520769684995 1 0 B
10.4231666799804 2.48867996914922 17.5982366770686 1 0 B
10.5878330942451 2.26093972242035 17.0547471002955 1 0 B
11.1627288359347 1.55606307877654 17.6274932642407 1 0 B
13.9428698916291 5.86059131079925 23.1965060028965 1 0 B
11.3252029920294 4.53590967657494 19.3097712397724 1 0 B
9.11328353177275 2.50474592538791 18.9293516967772 1 0 B
7.6351705281039 0.777163856283621 16.3171781180847 1 0 B
10.8251450602776 1.72225979461636 17.0762634454678 1 0 B
9.20799828157795 3.22779342331241 17.7726938544544 1 0 B
10.705606458906 2.30598887669447 18.0854401037279 1 0 B
11.9736965858952 2.07543903871502 18.0798365645597 1 0 B
7.11551911951041 -0.602867665886177 13.5854759456705 1 0 B
10.1493212415871 3.45897474631659 19.674133291546 1 0 B
9.94980605478192 2.79804591515259 18.2198347069054 1 0 B
10.2264210768051 2.74948913000111 18.6313473355167 1 0 B
11.0732084794956 3.5286753224927 18.9386768329139 1 0 B
8.50767093509397 2.70832058114692 17.1187701367493 1 0 B
11.1843099803707 2.27729084764588 17.6256776104718 1 0 B
8.93483001746677 0.857369009838022 16.4829066030871 1 0 B
12.1798096058164 5.24477195246067 21.7742616057105 1 0 B
10.8763929491361 3.06418478235975 19.1934867399996 1 0 B
7.81300931052503 1.17369961114014 17.4047721734042 1 0 B
9.45958272592904 2.92874797270519 18.7775814217796 1 0 B
10.452196004443 1.48582047991007 16.5974916948103 1 0 B
8.84565597509892 2.66650915828747 18.6849384398539 1 0 B
9.8747612348901 2.25355274741967 17.9240705650426 1 0 B
9.43830145876011 1.59244804145988 17.7001734822621 1 0 B
9.34900066195963 1.94641017989402 16.9741359230172 1 0 B
9.30082120437168 2.00021302382115 17.4710791385361 1 0 B
9.06258109130125 1.85253863891628 17.7583981464976 1 0 B
11.5333851252112 2.82398122972809 17.4459878069977 1 0 B
8.24757538068202 3.00457850982883 18.0752557164665 1 0 B
9.8567220666503 2.43375249709039 18.2735854289953 1 0 B
8.96713472475397 1.88095943229074 16.4713921690777 1 0 B
9.50381362471929 4.4690614938355 19.9525661810444 1 0 B
7.67256453806075 1.37680945245381 15.4186523542906 1 0 B
10.8329754375738 3.65847423965777 19.4634941756415 1 0 B
9.59053104421432 1.18275741536291 16.5327709494768 1 0 B
12.402916102464 6.30919552522889 22.4253445432992 1 0 B
10.8733269827162 3.94734913313258 19.5129294834434 1 0 B
12.7221532448385 4.08376239193499 20.6672075223152 1 0 B
8.91573201538566 2.6162563449269 18.1487075213227 1 0 B
11.4211646898051 3.5751347651969 18.7614926016579 1 0 B
11.714546135744 1.4435254425342 17.2531765699884 1 0 B
9.40352405896663 2.53665870894511 17.9877392677015 1 0 B
10.1673758316747 3.84969994158974 19.5884441771069 1 0 B
8.45600235687625 1.9790922538067 17.2540458218601 1 0 B
11.1768194143525 3.84559709280848 19.8541286693025 1 0 B
9.10417146958165 2.51813616285083 18.3591448859286 1 0 B
10.4801179526821 2.93282043029615 18.6276695600913 1 0 B
11.4155132543074 1.98322867903606 17.1940571732789 1 0 B
8.4950833625474 1.94200746875611 17.0536644984464 1 0 B
9.5361132531586 2.47915348690315 17.9756193084223 1 0 B
13.5549431739389 3.90625055680182 19.8457718703892 1 0 B
7.24599433934182 0.255892487120352 14.7782347180774 1 0 B
8.28601639907114 1.43414607512082 16.598613949189 1 0 B
10.2840143678365 2.29003964989887 18.3076319798563 1 0 B
9.83489367835669 1.96548059197101 16.7200330434999 1 0 B
7.84261407637147 0.382048431360554 15.619278616331 1 0 B
9.08725830501109 3.0272150962614 19.1075401507897 1 0 B
9.08310933636346 1.24362613084961 16.6079044757264 1 0 B
11.3420916319728 1.70586630888332 17.3543875433061 1 0 B
9.17703873073947 1.39994703577348 17.0568068329062 1 0 B
9.89728152530154 1.87818826299731 17.9017643193636 1 0 B
9.13250040775769 2.59636099985269 17.5462133264538 1 0 B
10.6878728550546 3.07433766207861 18.6831778853261 1 0 B
7.18525379092828 1.19089940709391 15.8507554438099 1 0 B
10.0975287799184 3.03893972891676 19.2078924401466 1 0 B
8.13237743855703 1.8049624788881 16.9869245621462 1 0 B
11.9668783766343 3.98098538520924 20.0102492721805 1 0 B
10.4527032597622 1.79534455184569 16.7064463461161 1 0 B
10.0716080159671 3.19242553237376 20.1166455222858 1 0 B
10.2550134382476 2.59327502655337 17.6463182312065 1 0 B
9.61940442290409 1.23791034609739 16.672962021172 1 0 B
12.3817981633133 4.00740328989547 20.6900147577013 1 0 B
7.09085665834565 1.69716692252462 16.5497721294703 1 0 B
9.07211441907521 3.78282084276322 18.2750037602034 1 0 B
9.49186429969729 1.91616565532622 17.3487578185849 1 0 B
9.93769661378553 2.88027609111328 18.012938519432 1 0 B
10.467376424594 1.88796681091031 16.8090435429361 1 0 B
9.72338267617018 0.995691276608563 16.9392538729356 1 0 B
8.29680666134831 1.50384123820507 16.8160607422097 1 0 B
11.3285406160632 4.18179143861981 20.3643065380461 1 0 B
8.10231320047578 0.733094971509714 14.5923659382617 1 0 B
11.9584615635437 3.70807872892739 18.4212583098893 1 0 B
11.4091407385228 3.01017891252511 18.4262240429423 1 0 B
10.3635336687713 0.858820098145756 17.3228836990367 1 0 B
8.92949359782228 1.28802527707462 16.8109719199531 1 0 B
13.0469795320616 5.10509836940545 20.7254854034112 1 0 B
9.24953388657294 4.5792773837379 21.2780144374416 1 0 B
10.5780535986321 3.31113591066546 19.8977826037112 1 0 B
10.0734958572215 2.32509957702907 18.3322480047046 1 0 B
13.4896892122938 5.18800444406777 22.0232424715461 1 0 B
8.04170874234008 1.26795432765099 15.6384358552613 1 0 B
8.73625301528497 1.63927757710533 16.1208479123221 1 0 B
8.60617112038701 2.33952829697174 17.3016796875812 1 0 B
9.64792989600361 2.00319688799186 15.9937919794067 1 0 B
11.5968153554142 3.1670448220429 19.1863212732797 1 0 B
10.1996133424458 2.5176962104567 17.5501864625135 1 0 B
10.871212281197 1.1498692884307 17.0457927708171 1 0 B
8.72160829481479 2.14364062835062 17.3208740211734 1 0 B
9.83957409219053 1.92104932122402 16.5601387451882 1 0 B
8.20073085172894 1.29281604216447 15.6301366658755 1 0 B
8.75051183432182 0.68546904559845 16.3670094065087 1 0 B
11.0768503796684 1.61467301708428 17.2975495916795 1 0 B
12.1176874985121 3.12129985510529 18.9382977264206 1 0 B
8.73543095838792 2.33324747212076 17.2885077104916 1 0 B
9.14891815574826 2.97477444454967 17.6732123098932 1 0 B
9.44429642979754 1.8232062086422 17.164698541714 1 0 B
11.7154468129154 2.19869348718756 18.2486845293207 1 0 B
11.2003553145386 2.1023452323734 17.3511915206649 1 0 B
10.875310726957 1.27906571586568 16.6241343739463 1 0 B
11.7052117393376 4.10417856036088 19.6272000160265 1 0 B
9.63017910123165 2.83471245463085 17.8394186946441 1 0 B
11.5141618691645 3.45103643475258 19.8142020261844 1 0 B
9.91776389184289 3.32937462239172 18.7346640066602 1 0 B
8.13730046598582 0.527808272664394 15.2514382475069 1 0 B
9.13795966577768 2.78232911907391 18.7007465555854 1 0 B
12.1707573783321 3.84562669352569 20.3035136656599 1 0 B
10.1222597508593 1.77477066236683 16.640173564568 1 0 B
9.93529468359979 1.71154115370009 17.6494064869243 1 0 B
7.49407383646623 1.65769111855115 17.4143128832441 1 0 B
8.88554174073726 2.3503781842974 17.8482350152793 1 0 B
9.51139987315172 3.93258660367028 20.0715740817681 1 0 B
8.46414903183691 2.10599032719788 16.7657302070643 1 0 B
8.17350187224178 0.344970339105402 15.4610664531649 1 0 B
11.2181729610649 3.66964423470566 18.9631140782499 1 0 B
11.0364692006573 3.07237413205618 18.8575263351458 1 0 B
12.2648140401287 4.36460009051244 21.1963709172939 1 0 B
9.57344925075675 1.15804210621319 16.2640513218945 1 0 B
12.2276306734343 5.62369162817081 22.5351938986393 1 0 B
9.01342387357442 1.33233469387788 16.6517907138602 1 0 B
7.49313510915627 2.16250449460733 16.0691502912904 1 0 B
9.79331952717735 3.96005476178328 19.4702568065338 1 0 B
9.33827002611697 1.4447599658886 17.0386557771286 1 0 B
12.0862180718043 3.72584852745917 19.5764768421434 1 0 B
7.18211703672373 3.00780288786989 18.4087003201866 1 0 B
10.3642238194627 1.71129417205638 17.8153783173148 1 0 B
11.2390393522993 3.93540380963518 20.6182763740668 1 0 B
12.3778305354924 4.05449179396181 19.8157423307369 1 0 B
11.4464110937597 3.87799846528826 19.5866646520585 1 0 B
9.6311729303779 2.5981449725385 18.5120320668189 1 0 B
7.95554495103508 1.41164423744984 16.8299332304881 1 0 B
8.5694791364121 1.36209109811768 16.7642242912034 1 0 B
11.1734314843452 1.33016230979592 16.107964905865 1 0 B
10.3395029799787 2.6634209124268 18.1804655940931 1 0 B
8.01983106105998 2.02665438115179 17.4629980417404 1 0 B
10.9651491430117 2.75887083654804 17.9507213401916 1 0 B
10.8031064752181 2.23021465670766 17.5694367967876 1 0 B
9.90592109067277 0.970781842838134 16.1877700014193 1 0 B
9.9941182494986 3.54889427387357 18.2053314294137 1 0 B
10.6142832794897 2.93885248657071 18.0903255090059 1 0 B
9.65997892020205 2.00793522573235 17.7987434186217 1 0 B
11.6883412522298 4.26359669438517 20.5302739180378 1 0 B
11.3650576827709 3.30230886506519 18.8864842603251 1 0 B
11.2214104539765 3.24960309079708 17.6154465041011 1 0 B
10.2107986649867 1.6952875687389 17.7225473885365 1 0 B
9.37170377914134 1.05996850738853 16.2502144485678 1 0 B
9.52727313839592 1.63152461678805 16.1816035231297 1 0 B
7.66021780050296 -0.755472170069383 13.8607247540491 1 0 B
11.0907718423531 3.97534500292972 20.4243720373741 1 0 B
12.8584756985377 4.47501241970695 21.1779691856011 1 0 B
11.6370970724176 3.36992946143036 19.6482187058977 1 0 B
11.0134198291093 2.60106410736461 18.8380130063757 1 0 B
11.1860000269327 4.4464838362187 20.087466703665 1 0 B
9.43718156064439 1.32220601716302 17.5158966525194 1 0 B
10.3532578754776 4.89966522469947 21.3312560155481 1 0 B
11.0470603071422 5.22772604372849 21.9393091581512 1 0 B
13.1602446198649 5.67147143962921 21.7933160437232 1 0 B
7.91351470568376 1.92780160144394 16.7484506186526 1 0 B
11.0706793777062 1.55659470568807 17.0302405227349 1 0 B
9.51918159227374 2.29815789608182 17.8659963597252 1 0 B
10.7011769526022 3.40613822203485 20.1414543140335 1 0 B
12.9176331562724 3.85830301509055 20.1216419967551 1 0 B
7.88705710724935 2.44796914994393 18.4045075291306 1 0 B
8.69355248571821 1.74309392826738 16.3444410142287 1 0 B
8.96936446411015 2.09623553270815 17.8341990258273 1 0 B
9.42227064465727 1.93838963845894 18.8684383899489 1 0 B
9.30008275439297 2.28354398419886 17.9388228518507 1 0 B
8.24782065995563 1.20448706160452 15.4997916534872 1 0 B
8.78054069404298 2.26239890165713 17.712066967517 1 0 B
12.2421170962941 4.60011568518076 20.5685995525679 1 0 B
9.18323724735648 0.28274242978442 15.3354429716082 1 0 B
9.69927751690566 2.17646876814517 17.7837032988913 1 0 B
11.5982649068852 3.91610191792917 20.2837092080058 1 0 B
8.55550898556799 2.74507840632803 18.2719985585914 1 0 B
7.86388044601496 1.09372236756672 15.4896941837854 1 0 B
8.94875510251415 1.41842294164655 16.9460745295059 1 0 B
9.7152255852231 1.69741764813977 17.6174776496781 1 0 B
6.48821575786102 0.846276656372901 15.1497036093002 1 0 B
9.80307775345214 3.15996320411246 19.0740481029741 1 0 B
8.4027557994222 1.0459938763056 16.3886669784218 1 0 B
6.08944090056922 -0.450013361653019 13.9686694653497 1 0 B
9.64665904916732 3.48737154044757 19.6497399030475 1 0 B
9.82342162607811 2.58260292042086 17.7481711706328 1 0 B
10.841452659339 1.23846699474563 17.0797607160972 1 0 B
9.10524747162759 1.45701943416489 17.1122248951623 1 0 B
11.0749274465534 3.53839164431562 19.6988494206154 1 0 B
11.3819262189361 2.73384231360109 17.5108971831659 1 0 B
9.20430649559099 1.73583774465087 17.672679628566 1 0 B
8.83894524654603 3.08074086229165 18.9303934121589 1 0 B
9.33079685759314 3.23727844513322 17.614483413856 1 0 B
11.6812318506236 3.08003261050621 19.6253710960405 1 0 B
9.0047440282205 2.89271249663537 17.4450477261313 1 0 B
9.48370038638056 1.16423002445263 16.8496733805474 1 0 B
9.52211051018469 2.88736388795191 17.7539868347652 1 0 B
11.7899367661701 3.29100546968344 18.2707238613399 1 0 B
7.3106963053108 -0.76745824276597 13.4193534003605 1 0 B
12.7161146616917 3.78270520354956 20.1065635542822 1 0 B
11.2463916225669 3.27734637820033 19.9737404437375 1 0 B
11.1301203869228 2.43009823425811 18.4126745470177 1 0 B
9.14797136264974 1.76065919260925 17.2536858264759 1 0 B
8.49173966839294 1.71739489177471 17.6894098818078 1 0 B
11.9888800491673 3.55172665436331 19.8791096965093 1 0 B
10.7016950687281 4.2115955636001 19.5947466994966 1 0 B
7.90538125611838 0.863415332336181 15.4172890067112 1 0 B
8.96666998181454 3.35376730471982 17.7921719747201 1 0 B
12.2335748984581 4.35227965949872 20.9198083087454 1 0 B
8.82638869664409 1.70699602452993 16.2121719477759 1 0 B
10.3340470448468 3.2352241437615 19.9455876267988 1 0 B
8.09905349062848 2.37537184729939 17.5531691667111 1 0 B
10.4003710438252 3.02998795019981 18.9978081847198 1 0 B
8.28748662453308 1.48155771378843 16.1203329021078 1 0 B
8.79094658578565 1.54642685696496 16.638213745508 1 0 B
10.2546315158633 3.02728694497563 18.5139904883165 1 0 B
10.0505356211988 2.71270268141692 18.7363985808606 1 0 B
11.0631552838709 3.30744551556232 18.7716939850982 1 0 B
9.19318514535916 1.48616270844398 16.01463655164 1 0 B
10.0468488430286 2.62366596580953 16.5788207858179 1 0 B
10.4142360272993 3.47604774948713 18.6645049472661 1 0 B
7.32152297944169 0.696041451007092 15.6115829752468 1 0 B
11.727514262026 2.78971028741111 18.2631732285932 1 0 B
12.3179046489696 2.38494081215151 18.7716107211802 1 0 B
9.92633221065917 3.07378427885075 17.757934085941 1 0 B
11.839551366249 4.08966851130144 19.6182053064865 1 0 B
11.138537474963 2.30653922224909 18.213377202056 1 0 B
10.9467977242457 4.02093749410051 20.2669825654332 1 0 B
12.628045961026 5.46750849913106 21.3873642756482 1 0 B
7.89763605177673 0.13170401562905 14.7250378279067 1 0 B
8.22194057268653 1.79857295940921 17.2684821626799 1 0 B
9.53489889372192 3.38880965418641 18.2975418246494 1 0 B
11.4778999707713 4.45985128134454 19.6768981722632 1 0 B
9.61234976940817 3.24605629584793 18.526591529105 1 0 B
9.48118872604333 2.23853607062156 17.392850007537 1 0 B
13.1145958006069 4.46779301753929 21.2065266884459 1 0 B
11.7586665468584 3.6246103532391 19.1228097582158 1 0 B
9.55442203012621 1.50133041536649 16.4433506493212 1 0 B
10.2927399614957 2.61731829976281 18.1801554806011 1 0 B
6.8368633307517 2.527725384906 17.4357258630046 1 0 B
9.62946317373938 1.77373823829078 17.7343465315853 1 0 B
12.2168640862087 3.14117741266619 18.9902353206692 1 0 B
10.5359234212497 3.40981227008504 18.774890822329 1 0 B
9.98375907363547 3.82889558928164 20.3505553536787 1 0 B
10.8563492166167 3.64421283449985 17.8157293458342 1 0 B
9.3405362603028 1.84197913393359 17.0893769116716 1 0 B
8.75910960929111 1.89424848914156 17.177858502733 1 0 B
11.566664199013 2.22589664940031 16.6169509374974 1 0 B
12.1467119083049 4.60733799840722 21.0908060387655 1 0 B
9.78824519017367 1.94629655902081 18.525119196032 1 0 B
6.68933857106833 1.37498278953104 15.8463307099966 1 0 B
8.24466338319414 1.38209448409177 16.3648054210388 1 0 B
6.93997416150335 -1.03853824648242 13.1126044857451 1 0 B
8.71866023262331 2.01354427882814 17.0941489990967 1 0 B
11.9312620332852 2.89286818410027 18.6837758305135 1 0 B
12.2940852264056 3.76859660424433 19.3245146265284 1 0 B
10.6161346839752 4.19299166952308 20.1433116249582 1 0 B
13.4191368106856 5.87812269379791 22.030864084807 1 0 B
8.71999523810708 1.32600268636149 16.3649842097106 1 0 B
9.95617009507726 3.35768624549114 18.4413214521096 1 0 B
10.3698043979242 3.87063699828405 20.2652261976357 1 0 B
11.0824780955167 2.16356271986669 18.4901078015571 1 0 B
10.079280576741 2.85690291011722 18.9714446379157 1 0 B
13.3874962840888 7.08938248342968 23.5217828896459 1 0 B
9.37480229639261 2.80426349242276 17.9550133697244 1 0 B
7.33701620501585 2.88854486072415 17.8613809086094 1 0 B
10.2051874765567 2.64112353473484 17.7021922424605 1 0 B
9.92671154535651 1.5283911632753 16.5759910976269 1 0 B
12.7153807373093 4.81779517097963 21.1988972327701 1 0 B
8.59617113082201 1.41103428835976 16.2829860985885 1 0 B
8.94347335179615 2.75121169326715 17.5763622100765 1 0 B
10.3626090364109 2.92713887058912 19.2173486064954 1 0 B
9.93287427285229 2.97516245014265 18.2750850498734 1 0 B
7.91655503060996 0.574267187825964 14.7230031732657 1 0 B
7.9843006287641 2.32297364617596 17.9550970081293 1 0 B
10.6786806817302 1.98403083472621 17.9153205733558 1 0 B
